"","date","countrycode","population","cases","deaths","cases_prev_week","deaths_prev_week","cases_infected","cum_deaths","cases_contagious","cases_active","p_cases_infected","p_cases","p_cases_contagious","p_cases_active"
"2150","2020/03/04","AR",44780675,1,0,1,0,1,0,1,1,2.23310613339348e-08,2.23310613339348e-08,2.23310613339348e-08,2.23310613339348e-08
"2149","2020/03/06","AR",44780675,1,0,2,0,2,0,2,2,4.46621226678696e-08,2.23310613339348e-08,4.46621226678696e-08,4.46621226678696e-08
"2148","2020/03/07","AR",44780675,6,0,8,0,8,0,8,8,1.78648490671478e-07,1.33986368003609e-07,1.78648490671478e-07,1.78648490671478e-07
"2147","2020/03/08","AR",44780675,1,1,9,1,9,1,9,9,2.00979552005413e-07,2.23310613339348e-08,2.00979552005413e-07,2.00979552005413e-07
"2146","2020/03/09","AR",44780675,3,0,12,1,12,1,12,12,2.67972736007217e-07,6.69931840018044e-08,2.67972736007217e-07,2.67972736007217e-07
"2145","2020/03/11","AR",44780675,7,0,19,1,19,1,19,19,4.24290165344761e-07,1.56317429337543e-07,4.24290165344761e-07,4.24290165344761e-07
"2144","2020/03/13","AR",44780675,12,0,31,1,31,1,31,31,6.92262901351978e-07,2.67972736007217e-07,6.92262901351978e-07,6.92262901351978e-07
"2143","2020/03/14","AR",44780675,3,1,33,2,34,2,34,34,7.59256085353783e-07,6.69931840018044e-08,7.59256085353783e-07,7.59256085353783e-07
"2142","2020/03/15","AR",44780675,11,0,43,2,45,2,45,45,1.00489776002707e-06,2.45641674673283e-07,1.00489776002707e-06,1.00489776002707e-06
"2141","2020/03/16","AR",44780675,11,0,48,2,56,2,56,56,1.25053943470035e-06,2.45641674673283e-07,1.25053943470035e-06,1.25053943470035e-06
"2140","2020/03/17","AR",44780675,9,0,56,1,65,2,65,65,1.45151898670576e-06,2.00979552005413e-07,1.45151898670576e-06,1.45151898670576e-06
"2139","2020/03/18","AR",44780675,14,0,67,1,79,2,79,79,1.76415384538085e-06,3.12634858675087e-07,1.76415384538085e-06,1.76415384538085e-06
"2138","2020/03/19","AR",44780675,18,0,78,1,97,2,96,97,2.16611294939167e-06,4.01959104010826e-07,2.14378188805774e-06,2.16611294939167e-06
"2137","2020/03/20","AR",44780675,31,1,97,2,128,3,126,128,2.85837585074365e-06,6.92262901351978e-07,2.81371372807578e-06,2.85837585074365e-06
"2136","2020/03/21","AR",44780675,30,0,124,1,158,3,150,158,3.5283076907617e-06,6.69931840018044e-07,3.34965920009022e-06,3.5283076907617e-06
"2135","2020/03/22","AR",44780675,67,1,180,2,225,4,216,225,5.02448880013533e-06,1.49618110937363e-06,4.82350924812991e-06,5.02448880013533e-06
"2134","2020/03/23","AR",44780675,41,0,210,2,266,4,254,266,5.94006231482665e-06,9.15573514691326e-07,5.67208957881944e-06,5.94006231482665e-06
"2133","2020/03/24","AR",44780675,35,0,236,2,301,4,282,301,6.72164946151437e-06,7.81587146687717e-07,6.29735929616961e-06,6.72164946151437e-06
"2132","2020/03/25","AR",44780675,86,2,308,4,387,6,356,386,8.64212073623276e-06,1.92047127471839e-06,7.94985783488078e-06,8.61978967489883e-06
"2131","2020/03/26","AR",44780675,115,2,405,6,502,8,468,500,1.12101927896353e-05,2.5680720534025e-06,1.04509367042815e-05,1.11655306669674e-05
"2130","2020/03/27","AR",44780675,87,4,461,9,589,12,544,581,1.31529951256876e-05,1.94280233605233e-06,1.21480973656605e-05,1.29743466350161e-05
"2129","2020/03/28","AR",44780675,101,5,532,14,690,17,634,681,1.5408432320415e-05,2.25543719472741e-06,1.41578928857147e-05,1.52074527684096e-05
"2128","2020/03/29","AR",44780675,55,2,520,15,745,19,680,733,1.66366406937814e-05,1.22820837336641e-06,1.51851217070757e-05,1.63686679577742e-05
"2127","2020/03/30","AR",44780675,75,1,554,16,820,20,741,801,1.83114702938265e-05,1.67482960004511e-06,1.65473164484457e-05,1.78871801284818e-05
"2126","2020/03/31","AR",44780675,146,4,665,20,966,24,869,935,2.1571805248581e-05,3.26033495475448e-06,1.94056922991893e-05,2.0879542347229e-05
"2125","2020/04/01","AR",44780675,0,0,579,18,966,24,838,932,2.1571805248581e-05,0,1.87134293978373e-05,2.08125491632272e-05
"2124","2020/04/02","AR",44780675,167,7,631,23,1133,31,975,1088,2.53010924913481e-05,3.72928724276711e-06,2.17727848005864e-05,2.4296194731321e-05
"2123","2020/04/03","AR",44780675,0,3,544,22,1133,34,908,1077,2.53010924913481e-05,0,2.02766036912128e-05,2.40505530566478e-05
"2122","2020/04/04","AR",44780675,132,3,575,20,1265,37,999,1200,2.82487925874275e-05,2.94770009607939e-06,2.23087302726008e-05,2.67972736007217e-05
"2121","2020/04/05","AR",44780675,186,6,706,24,1451,43,1150,1372,3.24023699955394e-05,4.15357740811187e-06,2.5680720534025e-05,3.06382161501585e-05
"2120","2020/04/06","AR",44780675,103,3,734,26,1554,46,1167,1457,3.47024693129347e-05,2.30009931739528e-06,2.60603485767019e-05,3.2536356363543e-05
"2119","2020/04/07","AR",44780675,74,7,662,29,1628,53,1126,1500,3.63549678516458e-05,1.65249853871117e-06,2.51447750620106e-05,3.34965920009022e-05
"2118","2020/04/08","AR",44780675,87,7,749,36,1715,60,1126,1557,3.82977701876982e-05,1.94280233605233e-06,2.51447750620106e-05,3.47694624969365e-05
"2117","2020/04/09","AR",44780675,80,5,662,34,1795,65,1105,1570,4.00842550944129e-05,1.78648490671478e-06,2.46758227739979e-05,3.50597662942776e-05
"2116","2020/04/10","AR",44780675,99,14,761,45,1894,79,1149,1628,4.22950301664725e-05,2.21077507205954e-06,2.56583894726911e-05,3.63549678516458e-05
"2115","2020/04/11","AR",44780675,81,3,710,45,1975,82,1155,1674,4.41038461345212e-05,1.80881596804872e-06,2.57923758406947e-05,3.73821966730068e-05
"2114","2020/04/12","AR",44780675,162,7,686,46,2137,89,1171,1750,4.77214780706186e-05,3.61763193609743e-06,2.61496728220376e-05,3.90793573343859e-05
"2113","2020/04/13","AR",44780675,66,6,649,49,2203,95,1237,1701,4.91953281186583e-05,1.4738500480397e-06,2.76235228700773e-05,3.79851353290231e-05
"2112","2020/04/14","AR",44780675,69,3,644,45,2272,98,1139,1683,5.07361713506998e-05,1.5408432320415e-06,2.54350788593517e-05,3.75831762250122e-05
"2111","2020/04/15","AR",44780675,160,7,717,45,2432,105,1299,1742,5.43091411641294e-05,3.57296981342957e-06,2.90080486727813e-05,3.89007088437144e-05
"2110","2020/04/16","AR",44780675,0,4,637,44,2432,109,1167,1687,5.43091411641294e-05,0,2.60603485767019e-05,3.7672500470348e-05
"2109","2020/04/17","AR",44780675,128,6,666,36,2560,115,1109,1740,5.7167517014873e-05,2.85837585074365e-06,2.47651470193337e-05,3.88560467210465e-05
"2108","2020/04/18","AR",44780675,98,7,683,40,2658,122,1104,1692,5.93559610255987e-05,2.18844401072561e-06,2.4653491712664e-05,3.77841557770177e-05
"2107","2020/04/19","AR",44780675,170,10,691,43,2828,132,1200,1862,6.31522414523676e-05,3.79628042676891e-06,2.67972736007217e-05,4.15804362037866e-05
"2106","2020/04/20","AR",44780675,102,2,727,39,2930,134,1215,1797,6.54300097084289e-05,2.27776825606135e-06,2.71322395207308e-05,4.01289172170808e-05
"2105","2020/04/21","AR",44780675,90,8,748,44,3020,142,1225,1887,6.7439805228483e-05,2.00979552005413e-06,2.73555501340701e-05,4.21387127371349e-05
"2104","2020/04/22","AR",44780675,112,9,700,46,3132,151,1238,1867,6.99408840978837e-05,2.5010788694007e-06,2.76458539314113e-05,4.16920915104562e-05
"2103","2020/04/23","AR",44780675,144,8,844,50,3276,159,1301,1825,7.31565569299704e-05,3.21567283208661e-06,2.90527107954492e-05,4.0754186934431e-05
"2102","2020/04/24","AR",44780675,147,6,863,50,3423,165,1286,1869,7.64392229460588e-05,3.28266601608841e-06,2.87177448754401e-05,4.17367536331241e-05
"2101","2020/04/25","AR",44780675,0,2,765,45,3423,167,1220,1795,7.64392229460588e-05,0,2.72438948274004e-05,4.00842550944129e-05
"2100","2020/04/26","AR",44780675,344,18,939,53,3767,185,1495,2052,8.41211080449323e-05,7.68188509887357e-06,3.33849366942325e-05,4.58233378572342e-05
"2099","2020/04/27","AR",44780675,0,1,837,52,3767,186,1335,1972,8.41211080449323e-05,0,2.98119668808029e-05,4.40368529505194e-05
"2098","2020/04/28","AR",44780675,223,11,970,55,3990,197,1558,2096,8.91009347223998e-05,4.97982667746746e-06,3.47917935582704e-05,4.68059045559273e-05
"2097","2020/04/29","AR",44780675,124,10,982,56,4114,207,1554,2139,9.18699863278077e-05,2.76905160540791e-06,3.47024693129347e-05,4.77661401932865e-05
"2096","2020/04/30","AR",44780675,158,7,996,55,4272,214,1614,2135,9.53982940185694e-05,3.5283076907617e-06,3.60423329929707e-05,4.76768159479508e-05
"2095","2020/05/01","AR",44780675,143,4,992,53,4415,218,1587,2212,9.85916357893221e-05,3.19334177075267e-06,3.54393943369545e-05,4.93963076706637e-05
"2094","2020/05/02","AR",44780675,104,7,1096,58,4519,225,1589,2247,0.000100914066168051,2.32243037872922e-06,3.54840564596224e-05,5.01778948173515e-05
"2093","2020/05/03","AR",44780675,149,12,901,52,4668,237,1648,2236,0.000104241394306808,3.32732813875628e-06,3.68015890783245e-05,4.99322531426782e-05
"2092","2020/05/04","AR",44780675,102,9,1003,60,4770,246,1638,2338,0.000106519162562869,2.27776825606135e-06,3.65782784649852e-05,5.22100213987395e-05
"2091","2020/05/05","AR",44780675,104,14,884,63,4874,260,1598,2314,0.000108841592941598,2.32243037872922e-06,3.56850360116278e-05,5.16740759267251e-05
"2090","2020/05/06","AR",44780675,133,4,893,57,5007,264,1584,2349,0.000111811624099011,2.97003115741333e-06,3.53724011529527e-05,5.24556630734128e-05
"2089","2020/05/07","AR",44780675,188,9,923,59,5195,273,1772,2367,0.000116009863629791,4.19823953077974e-06,3.95706406837324e-05,5.28576221774236e-05
"2088","2020/05/08","AR",44780675,163,9,943,64,5358,282,1591,2428,0.000119649826627223,3.63996299743137e-06,3.55287185822902e-05,5.42198169187937e-05
"2087","2020/05/09","AR",44780675,240,11,1079,68,5598,293,1831,2578,0.000125009281347367,5.35945472014435e-06,4.08881733024346e-05,5.75694761188839e-05
"2086","2020/05/10","AR",44780675,165,7,1095,63,5763,300,1773,2631,0.000128693906467466,3.68462512009924e-06,3.95929717450664e-05,5.87530223695824e-05
"2085","2020/05/11","AR",44780675,13,0,1006,54,5776,300,1662,2500,0.000128984210264807,2.90303797341152e-07,3.71142239369996e-05,5.5827653334837e-05
"2084","2020/05/12","AR",44780675,245,5,1147,45,6021,305,1749,2598,0.000134455320291621,5.47111002681402e-06,3.90570262730519e-05,5.80160973455626e-05
"2083","2020/05/13","AR",44780675,529,14,1543,55,6550,319,2135,3127,0.000146268451737273,1.18131314456515e-05,4.76768159479508e-05,6.98292287912141e-05
"2082","2020/05/14","AR",44780675,316,10,1671,56,6866,329,2347,3099,0.000153325067118796,7.05661538152339e-06,5.24110009507449e-05,6.92039590738639e-05
"2081","2020/05/15","AR",44780675,255,24,1763,71,7121,353,2453,3354,0.00015901948775895,5.69442064015337e-06,5.4778093452142e-05,7.48983797140173e-05
"2080","2020/05/16","AR",44780675,345,3,1868,63,7466,356,2696,3476,0.000166723703919157,7.7042161602075e-06,6.02045413562882e-05,7.76227691967573e-05
"2079","2020/05/17","AR",44780675,326,7,2029,63,7792,363,2918,3678,0.00017400362991402,7.27992599486274e-06,6.51620369724217e-05,8.21336435862121e-05
"2078","2020/05/18","AR",44780675,0,3,2016,66,7792,366,2785,3520,0.00017400362991402,0,6.21920058150084e-05,7.86053358954504e-05
"2077","2020/05/19","AR",44780675,566,16,2337,77,8358,382,3163,3943,0.000186643010629027,1.26393807150071e-05,7.06331469992357e-05,8.80513748397048e-05
"2076","2020/05/20","AR",44780675,438,11,2246,74,8796,393,3438,4277,0.00019642401549329,9.78100486426343e-06,7.67741888660678e-05,9.55099493252391e-05
"2075","2020/05/21","AR",44780675,474,10,2404,74,9270,403,3672,4602,0.000207008938565575,1.05849230722851e-05,8.19996572182085e-05,0.000102767544258768
"2074","2020/05/22","AR",44780675,648,13,2797,63,9918,416,4155,5148,0.000221479466309965,1.44705277443897e-05,9.2785559842499e-05,0.000114960303747096
"2073","2020/05/23","AR",44780675,718,17,3170,77,10636,433,4860,5762,0.00023751316834773,1.60337020377652e-05,0.000108528958082923,0.000128671575406132
"2072","2020/05/24","AR",44780675,704,12,3548,82,11340,445,5319,6333,0.00025323423552682,1.57210671790901e-05,0.000118778915235199,0.000141422611427809
"2071","2020/05/25","AR",44780675,723,7,4271,86,12063,452,5513,6868,0.000269379592871255,1.61453573444348e-05,0.000123111141133982,0.000153369729241464
"2070","2020/05/26","AR",44780675,552,15,4257,85,12615,467,5749,7257,0.000281706338727587,1.2326745856332e-05,0.000128381271608791,0.000162056512100365
"2069","2020/05/27","AR",44780675,600,17,4419,91,13215,484,6094,7617,0.000295104975527948,1.33986368003609e-05,0.000136085487768999,0.000170095694180581
"2068","2020/05/28","AR",44780675,705,16,4650,97,13920,500,6454,8157,0.000310848373768372,1.5743398240424e-05,0.000144124669849215,0.000182154467300906
"2067","2020/05/29","AR",44780675,769,8,4771,92,14689,508,6897,8913,0.000328020959934168,1.71725861657958e-05,0.000154017330020148,0.000199036749669361
"2066","2020/05/30","AR",44780675,717,12,4770,87,15406,520,7614,9385,0.000344032330910599,1.60113709764312e-05,0.000170028700996579,0.000209577010618978
"2065","2020/05/31","AR",44780675,795,8,4861,83,16201,528,7843,9651,0.000361785524671077,1.77531937604782e-05,0.000175142514042051,0.000215517072933805
"2064","2020/06/01","AR",44780675,637,11,4775,87,16838,539,8042,9972,0.000376010410740794,1.42248860697165e-05,0.000179586395247504,0.000222685343621998
"2063","2020/06/02","AR",44780675,564,17,4787,89,17402,556,8132,10281,0.000388605129333133,1.25947185923392e-05,0.000181596190767558,0.000229585641574184
"2062","2020/06/03","AR",44780675,904,13,5091,85,18306,569,8388,10840,0.00040879240877901,2.0187279445877e-05,0.000187312942469045,0.000242068704859853
"2061","2020/06/04","AR",44780675,949,14,5335,83,19255,583,8619,11463,0.000429984585984914,2.11921772059041e-05,0.000192471417637184,0.000255980956070894
"2060","2020/06/05","AR",44780675,0,5,4566,80,19255,588,7915,11463,0.000429984585984914,0,0.000176750350458094,0.000255980956070894
"2059","2020/06/06","AR",44780675,1769,44,5618,112,21024,632,8961,12666,0.000469488233484645,3.95036474997306e-05,0.00020010864061339,0.000282845222855618
"2058","2020/06/07","AR",44780675,983,16,5806,120,22007,648,9392,13211,0.000491439666775903,2.19514332912579e-05,0.000209733328048315,0.000295015651282612
"2057","2020/06/08","AR",44780675,774,16,5943,125,22781,664,9566,13511,0.000508723908248368,1.72842414724655e-05,0.00021361893272042,0.000301714969682793
"2056","2020/06/09","AR",44780675,826,29,6205,137,23607,693,9687,13689,0.000527169364910198,1.84454566618301e-05,0.000216320991141826,0.000305689898600233
"2055","2020/06/10","AR",44780675,1141,24,6442,148,24748,717,10059,14112,0.000552649105892218,2.54797409820196e-05,0.00022462814595805,0.000315135937544488
"2054","2020/06/11","AR",44780675,1239,18,6732,152,25987,735,10581,14647,0.000580317290884963,2.76681849927452e-05,0.000236284959974364,0.000327083055358143
"2053","2020/06/12","AR",44780675,1373,30,8105,177,27360,765,11159,15297,0.000610977838096456,3.06605472114925e-05,0.000249192313425378,0.0003415982452252
"2052","2020/06/13","AR",44780675,1391,20,7727,153,28751,785,11913,16136,0.000642040344411959,3.10625063155033e-05,0.000266029933671165,0.000360334005684372
"2051","2020/06/14","AR",44780675,1531,30,8275,167,30282,815,12880,17067,0.000676229199314213,3.41888549022542e-05,0.00028762406998108,0.000381124223786265
"2050","2020/06/15","AR",44780675,1282,18,8783,169,31564,833,13258,17644,0.000704857619944317,2.86284206301044e-05,0.000296065211165307,0.000394009246175945
"2049","2020/06/16","AR",44780675,1208,21,9165,161,32772,854,13517,18083,0.000731833542035711,2.69759220913932e-05,0.000301848956050796,0.000403812582101543
"2048","2020/06/17","AR",44780675,1374,24,9398,161,34146,878,14891,18740,0.000762516420308537,3.06828782728264e-05,0.000332531834323623,0.000418484089397938
"2047","2020/06/18","AR",44780675,1393,35,9552,178,35539,913,14515,19338,0.000793623588746708,3.11071684381712e-05,0.000324135355262063,0.000431838064075631
"2046","2020/06/19","AR",44780675,0,16,8179,164,35539,929,13532,18701,0.000793623588746708,0,0.000302183921970806,0.000417613178005914
"2045","2020/06/20","AR",44780675,4018,50,10806,194,39557,979,16776,22155,0.000883349793186458,8.972620443975e-05,0.00037462588493809,0.000494744663853325
"2044","2020/06/21","AR",44780675,1634,13,10909,177,41191,992,17584,22885,0.000919838747406108,3.64889542196494e-05,0.000392669382495909,0.000511046338627098
"2043","2020/06/22","AR",44780675,1581,19,11208,178,42772,1011,18024,23517,0.000955144155375059,3.53054079689509e-05,0.000402495049482841,0.000525159569390144
"2042","2020/06/23","AR",44780675,2146,32,12146,189,44918,1043,18931,25663,0.00100306661299768,4.7922457622624e-05,0.000422749322112719,0.000573082027012768
"2041","2020/06/24","AR",44780675,0,6,10772,171,44918,1049,17558,23894,0.00100306661299768,0,0.000392088774901227,0.000533578379513038
"2040","2020/06/25","AR",44780675,4920,36,14299,172,49838,1085,21087,27831,0.00111293543476064,0.000109868821762959,0.000470895090348683,0.000621495767984739
"2039","2020/06/26","AR",44780675,2606,39,16905,195,52444,1124,22162,29663,0.00117113018059688,5.8194745836234e-05,0.000494900981282663,0.000662406272348508
"2038","2020/06/27","AR",44780675,0,43,12887,188,52444,1167,20880,28837,0.00117113018059688,0,0.000466272560652558,0.000643960815686677
"2037","2020/06/28","AR",44780675,5287,40,16540,215,57731,1207,24959,32983,0.00128919450186939,0.000118064321272513,0.000557360959833678,0.000736545395977171
"2036","2020/06/29","AR",44780675,0,10,14959,206,57731,1217,23585,31744,0.00128919450186939,0,0.000526678081560852,0.000708877210984426
"2035","2020/06/30","AR",44780675,4524,63,17337,237,62255,1280,26716,34895,0.00139022022334411,0.000101025721474721,0.000596596634597402,0.000779242385247654
"2034","2020/07/01","AR",44780675,2262,27,19599,258,64517,1307,28978,35766,0.00144073308408147,5.05128607373605e-05,0.000647109495334762,0.000798692739669511
"2033","2020/07/02","AR",44780675,2667,44,17346,266,67184,1351,27627,36902,0.00150029002465907,5.95569405776041e-05,0.000616940231472616,0.000824060825344861
"2032","2020/07/03","AR",44780675,2744,34,17484,261,69928,1385,28737,38364,0.00156156645695939,6.1276432300317e-05,0.000641727709553284,0.000856708837015074
"2031","2020/07/04","AR",44780675,2845,52,20329,270,72773,1437,30001,40001,0.00162509832645444,6.35318694950445e-05,0.000669954171079377,0.000893264784418725
"2030","2020/07/05","AR",44780675,0,16,15042,246,72773,1453,27855,38627,0.00162509832645444,0,0.000622031713456753,0.000862581906145899
"2029","2020/07/06","AR",44780675,2590,37,17632,273,75363,1490,30445,39824,0.00168293577530933,5.78374488548911e-05,0.000679869162311644,0.000889312186562619
"2028","2020/07/07","AR",44780675,2439,33,15547,243,77802,1523,27964,42263,0.00173740123390279,5.44654585934669e-05,0.000624465799142152,0.000943777645156086
"2027","2020/07/08","AR",44780675,2632,79,15917,295,80434,1602,27990,40877,0.00179617658733371,5.87753534309163e-05,0.000625046406736835,0.000912826794147252
"2026","2020/07/09","AR",44780675,2979,52,16229,303,83413,1654,30969,42222,0.0018627008190475,6.65242317137917e-05,0.000691570638450626,0.000942862071641394
"2025","2020/07/10","AR",44780675,3604,53,17089,322,87017,1707,29286,44245,0.001943181964095,8.0481145047501e-05,0.000653987462225614,0.000988037808719945
"2024","2020/07/11","AR",44780675,3663,42,17907,312,90680,1749,32949,45762,0.00202498064176121,8.17986776662031e-05,0.000735786139891817,0.00102191402876352
"2023","2020/07/12","AR",44780675,3367,61,21274,357,94047,1810,31792,49129,0.00210016932527256,7.51886835113584e-05,0.000709949101928455,0.00109710271227488
"2022","2020/07/13","AR",44780675,3449,8,22133,328,97496,1818,32979,47658,0.00217718915581331,7.70198305407411e-05,0.000736456071731835,0.00106425372105266
"2021","2020/07/14","AR",44780675,2657,85,22351,380,100153,1903,32969,47709,0.00223652278577757,5.93336299642647e-05,0.000736232761118496,0.00106539260518069
"2020","2020/07/15","AR",44780675,3099,23,22818,324,103252,1926,33324,50808,0.00230572674485143,6.92039590738639e-05,0.000744160287892043,0.00113459656425456
"2019","2020/07/16","AR",44780675,3645,124,23484,396,106897,2050,34124,49166,0.00238712346341363,8.13967185621923e-05,0.000762025136959191,0.00109792896154424
"2018","2020/07/17","AR",44780675,4250,62,24130,405,111147,2112,38374,53416,0.00248203047408285,9.49070106692228e-05,0.000856932147628413,0.00119283597221346
"2017","2020/07/18","AR",44780675,3623,21,24090,384,114770,2133,39407,52515,0.0025629359092957,8.09054352128457e-05,0.000880000133986368,0.00117271568595159
"2016","2020/07/19","AR",44780675,4518,71,25241,394,119288,2204,41486,54771,0.00266382764440241,0.000100891735106717,0.000926426410499618,0.00122309456032094
"2015","2020/07/20","AR",44780675,3223,42,25015,428,122511,2246,42077,55327,0.00273580065508168,7.19730106792718e-05,0.000939624067747974,0.00123551063042261
"2014","2020/07/21","AR",44780675,4231,127,26589,470,126742,2373,43329,56814,0.00283028337558556,9.44827205038781e-05,0.00096758255653806,0.00126871691862617
"2013","2020/07/22","AR",44780675,4019,0,27509,447,130761,2373,43744,57988,0.00292003191108665,8.97485355010839e-05,0.000976849946991643,0.00129493358463221
"2012","2020/07/23","AR",44780675,5344,133,29208,456,136105,2506,45425,63332,0.00303936910285519,0.000119337191768547,0.00101438846109399,0.00141427077640076
"2011","2020/07/24","AR",44780675,5782,111,30740,505,141887,2617,47840,66524,0.003168487299488,0.000129118196632811,0.00106831797421544,0.00148555152417868
"2010","2020/07/25","AR",44780675,6127,105,33244,589,148014,2722,50518,70212,0.00330530971228102,0.000136822412793018,0.00112812055646772,0.00156790847837823
"2009","2020/07/26","AR",44780675,5493,125,34219,643,153507,2847,53354,73073,0.00342797423218833,0.000122664519907304,0.00119145144641076,0.00163179764485462
"2008","2020/07/27","AR",44780675,9006,92,40002,693,162513,2939,59261,79100,0.00362908777056174,0.000201113538373417,0.00132336102571031,0.00176638695151424
"2007","2020/07/28","AR",44780675,0,17,35771,583,162513,2956,55616,75496,0.00362908777056174,0,0.00124196430714812,0.00168590580646674
"2006","2020/07/29","AR",44780675,4890,126,36642,709,167403,3082,56256,76723,0.00373828666048468,0.000109198889922941,0.00125625618640184,0.00171330601872348
"2005","2020/07/30","AR",44780675,5939,118,37237,694,173342,3200,58572,79295,0.00387091083374692,0.000132624173262239,0.00130797492445123,0.00177074150847436
"2004","2020/07/31","AR",44780675,5641,111,37096,694,178983,3311,59695,81487,0.00399688035073165,0.000125969516984726,0.00133305270632924,0.00181969119491834
"2003","2020/08/01","AR",44780675,6377,155,37346,744,185360,3466,62849,85207,0.00413928552885815,0.000142405178126502,0.00140348487377647,0.00190276274308058
"2002","2020/08/02","AR",44780675,5929,92,37782,711,191289,3558,64547,88037,0.00427168639150705,0.000132400862648899,0.00144140301592149,0.00196595964665562
"2001","2020/08/03","AR",44780675,5241,54,34017,673,196530,3612,65769,89633,0.0043887234839582,0.000117037092451152,0.00146869157287156,0.00200160002054458
"2000","2020/08/04","AR",44780675,5376,55,39393,711,201906,3667,65801,90759,0.00450877526968944,0.000120051785731233,0.00146940616683424,0.00202674479560659
"1999","2020/08/05","AR",44780675,4824,196,39327,781,206730,3863,64843,91960,0.00461650030956434,0.000107725039874901,0.00144801301007633,0.00205356440026864
"1998","2020/08/06","AR",44780675,6792,146,40180,809,213522,4009,65508,94234,0.00476817287814442,0.000151672568580085,0.0014628631658634,0.00210434523374201
"1997","2020/08/07","AR",44780675,7147,126,41686,824,220669,4135,67162,98158,0.00492777297349805,0.000159600095353632,0.00149979874130973,0.00219197231841637
"1996","2020/08/08","AR",44780675,7513,156,42822,825,228182,4291,65669,101440,0.00509554623729991,0.000167773263801852,0.00146645846673816,0.00226526286171434
"1995","2020/08/09","AR",44780675,7482,159,44375,892,235664,4450,73151,104903,0.00526262723820041,0.0001670810009005,0.00163353946763866,0.00234259532711376
"1994","2020/08/10","AR",44780675,6134,106,45268,944,241798,4556,74395,105693,0.00539960596842276,0.000136978730222356,0.00166131930793808,0.00236023686556757
"1993","2020/08/11","AR",44780675,4688,78,44580,967,246486,4634,73144,104599,0.00550429398395625,0.000104688015533486,0.00163338315020933,0.00233580668446824
"1992","2020/08/12","AR",44780675,7369,151,47125,922,253855,4785,74872,105841,0.00566885157492601,0.000164557590969765,0.00167197122419437,0.00236354186264499
"1991","2020/08/13","AR",44780675,7043,303,47376,1079,260898,5088,75538,107391,0.00582612923990092,0.000157277664974903,0.00168684371104277,0.00239815500771259
"1990","2020/08/14","AR",44780675,7663,158,47892,1111,268561,5246,77272,106048,0.00599725216290286,0.000171122923001942,0.00172556577139581,0.00236816439234112
"1989","2020/08/15","AR",44780675,7498,182,47877,1137,276059,5428,79529,113546,0.0061646904607847,0.000167438297881843,0.0017759669768265,0.00253560269022296
"1988","2020/08/16","AR",44780675,6365,137,46760,1115,282424,5565,80518,115021,0.0063068276661752,0.000142137205390495,0.00179805239648576,0.00256854100569051
"1987","2020/08/17","AR",44780675,6663,92,47289,1101,289087,5657,82357,115745,0.00645561952784321,0.000148791861668007,0.00183911921827887,0.00258470869409628
"1986","2020/08/18","AR",44780675,5469,93,48070,1116,294556,5750,81034,115573,0.00657774810227849,0.000122128574435289,0.00180957522413407,0.00258086775154684
"1985","2020/08/19","AR",44780675,4557,127,45258,1092,299113,5877,78444,113753,0.00667951074877724,0.000101762646498741,0.00175173777527918,0.00254022521991908
"1984","2020/08/20","AR",44780675,6840,237,45055,1026,305953,6114,77771,114664,0.00683225520830135,0.000152744459524114,0.00173670897100144,0.0025605688167943
"1983","2020/08/21","AR",44780675,6693,292,44085,1160,312646,6406,76982,116116,0.00698171700180937,0.000149461793508025,0.00171908976360897,0.00259299351785117
"1982","2020/08/22","AR",44780675,8225,161,44812,1139,320871,6567,79073,118965,0.00716538998128099,0.000183672979471614,0.00176578401285823,0.00265661471159155
"1981","2020/08/23","AR",44780675,8159,228,46606,1230,329030,6795,82544,122300,0.00734758911070456,0.000182199129423574,0.00184329512674831,0.00273108880114022
"1980","2020/08/24","AR",44780675,7759,53,47702,1191,336789,6848,82934,123267,0.00752085581559456,0.00017326670489,0.00185200424066855,0.00275268293745014
"1979","2020/08/25","AR",44780675,5352,231,47585,1329,342141,7079,81243,121472,0.00764037165585378,0.000119515840259219,0.00181424241595286,0.00271259868235573
"1978","2020/08/26","AR",44780675,8713,323,51741,1525,350854,7402,82293,122672,0.00783494219325635,0.000194570537402574,0.0018376900303535,0.00273939595595645
"1977","2020/08/27","AR",44780675,8771,259,53672,1547,359625,7661,83566,123961,0.0080308079322163,0.000195865738959942,0.00186611747143159,0.00276818069401589
"1976","2020/08/28","AR",44780675,10550,283,57529,1538,370175,7944,87751,128377,0.00826640062928931,0.000235592697073012,0.00195957296311411,0.00286679466086655
"1975","2020/08/29","AR",44780675,10104,185,59408,1562,380279,8129,91192,133793,0.00849203367300739,0.000225633043718077,0.00203641414516418,0.00298773968905114
"1974","2020/08/30","AR",44780675,11730,176,62979,1510,392009,8305,97453,138154,0.00875397702245444,0.000261943349447055,0.00217622892017595,0.00308512544752843
"1973","2020/08/31","AR",44780675,9217,96,64437,1553,401226,8401,102113,140328,0.00895980241476932,0.000205825392314877,0.00228029166599208,0.0031336731748684
"1972","2020/09/01","AR",44780675,7187,97,66272,1419,408413,8498,102460,139852,0.00912029575257631,0.000160493337806989,0.00228804054427496,0.00312304358967345
"1971","2020/09/02","AR",44780675,9309,232,66868,1328,417722,8730,105076,141663,0.00932817560253391,0.000207879849957599,0.00234645860072453,0.0031634851417492
"1970","2020/09/03","AR",44780675,10504,241,68601,1310,428226,8971,107355,145802,0.00956274107078556,0.000234565468251651,0.00239735108950457,0.00325591340461036
"1969","2020/09/04","AR",44780675,10933,184,68984,1211,439159,9155,110129,150072,0.00980688656434947,0.000244145493563909,0.0024592974536449,0.00335126703650626
"1968","2020/09/05","AR",44780675,12026,313,70906,1339,451185,9468,114396,156629,0.0100754399079514,0.0002685533436019,0.0025545840923568,0.00349769180567287
"1967","2020/09/06","AR",44780675,10684,217,69860,1380,461869,9685,119728,162756,0.0103140249672431,0.000238585059291759,0.00267365331138934,0.00363451421846589
"1966","2020/09/07","AR",44780675,9924,122,70567,1406,471793,9807,120939,165840,0.0105356384199211,0.000221613452677969,0.00270069622666474,0.00370338321161974
"1965","2020/09/08","AR",44780675,6986,105,70366,1414,478779,9912,119154,166133,0.0106916432144,0.000156004794478868,0.00266083528218367,0.00370992621259059
"1964","2020/09/09","AR",44780675,9215,267,70272,1449,487994,10179,117819,167123,0.0108974239445922,0.000205780730192209,0.00263102331530286,0.00373203396331118
"1963","2020/09/10","AR",44780675,12027,278,71795,1486,500021,10457,119742,170991,0.0111659996192554,0.000268575674663234,0.00267396594624802,0.00381841050855084
"1962","2020/09/11","AR",44780675,12259,256,73121,1558,512280,10713,120271,175491,0.0114397561001481,0.000273756480892707,0.00268577907769367,0.00391890028455355
"1961","2020/09/12","AR",44780675,11905,281,73000,1526,524185,10994,122959,182044,0.0117056073853286,0.000265851285180494,0.00274580497055929,0.00406523572947482
"1960","2020/09/13","AR",44780675,11505,212,73821,1521,535690,11206,127277,184836,0.0119625262459755,0.00025691886064692,0.00284223049339922,0.00412758405271917
"1959","2020/09/14","AR",44780675,10778,101,74675,1500,546468,11307,128746,186843,0.0122032104250327,0.000240684179057149,0.00287503482249877,0.00417240249281638
"1958","2020/09/15","AR",44780675,9056,105,76745,1500,555524,11412,127298,185349,0.0124054405164728,0.000202230091440113,0.00284269944568723,0.00413903988718348
"1957","2020/09/16","AR",44780675,9908,298,77438,1531,565432,11710,126273,185153,0.0126266966721694,0.000221256155696626,0.00281981010781995,0.00413466299916203
"1956","2020/09/17","AR",44780675,11893,200,77304,1453,577325,11910,126140,185316,0.0128922799846139,0.000265583312444486,0.00281684007666253,0.00413830296215946
"1955","2020/09/18","AR",44780675,11674,319,76719,1516,588999,12229,127130,187773,0.0131529727946263,0.000260692810012355,0.00283894782738313,0.00419317037985694
"1954","2020/09/19","AR",44780675,12701,262,77515,1497,601700,12491,129907,193287,0.0134365996046286,0.000283626810002306,0.00290096118470747,0.00431630385205225
"1953","2020/09/20","AR",44780675,11945,214,77955,1499,613645,12705,134866,195923,0.0137033441322624,0.000266744527633851,0.00301170091786245,0.0043751685297285
"1952","2020/09/21","AR",44780675,9276,204,76453,1602,622921,12909,134927,194695,0.013910487057196,0.000207142924933579,0.00301306311260382,0.00434774598641043
"1951","2020/09/22","AR",44780675,17213,573,84610,2070,640134,13482,140113,200975,0.014294871615937,0.000384384558741019,0.0031288719966816,0.00448798505158754
"1950","2020/09/23","AR",44780675,12027,470,86729,2242,652161,13952,139881,200976,0.0145634472906002,0.000268575674663234,0.00312369119045213,0.00448800738264888
"1949","2020/09/24","AR",44780675,12638,424,87474,2466,664799,14376,140614,202930,0.0148456672437385,0.000282219953138268,0.00314005985840991,0.00453164227649539
"1948","2020/09/25","AR",44780675,13467,390,89267,2537,678266,14766,142576,206473,0.0151463996467226,0.0003007324029841,0.00318387340074709,0.00461076122680152
"1947","2020/09/26","AR",44780675,12956,442,89522,2717,691222,15208,144754,212443,0.0154357208773651,0.000289321230642459,0.0032325104523324,0.00474407766296511
"1946","2020/09/27","AR",44780675,11249,335,88826,2838,702471,15543,146947,214477,0.0156869229863105,0.000251202108945432,0.00328148246983771,0.00478949904171833
"1945","2020/09/28","AR",44780675,8841,206,88391,2840,711312,15749,145880,211291,0.0158843518995638,0.000197428913253317,0.00325765522739441,0.00471835228030841
"1944","2020/09/29","AR",44780675,11807,364,82985,2631,723119,16113,145794,210839,0.0161480147407336,0.000263662841169768,0.00325573475611969,0.00470825864058548
"1943","2020/09/30","AR",44780675,13477,406,84435,2567,736596,16519,147597,212411,0.016448970454331,0.000300955713597439,0.00329599765970477,0.00474336306900242
"1942","2020/10/01","AR",44780675,14392,418,86189,2561,750988,16937,149288,215298,0.016770359089049,0.000321388634717989,0.00333375948442046,0.00480783284307349
"1941","2020/10/02","AR",44780675,14001,3351,86723,5522,764989,20288,151344,218521,0.0170830162787854,0.000312657189736421,0.00337967214652303,0.00487980585375276
"1940","2020/10/03","AR",44780675,14687,311,88454,5391,779676,20599,156755,224152,0.0174109925765969,0.0003279762978115,0.00350050551940095,0.00500555206012415
"1939","2020/10/04","AR",44780675,11129,196,88334,5252,790805,20795,150671,225373,0.0176595149581823,0.00024852238158536,0.00336464334224529,0.00503281828601288
"1938","2020/10/05","AR",44780675,7668,223,87161,5269,798473,21018,146312,221148,0.0178307495364909,0.000171234578308612,0.00326730224589067,0.00493846955187701
"1937","2020/10/06","AR",44780675,11242,450,86596,5355,809715,21468,144916,220716,0.018081795328007,0.000251045791516095,0.00323612808426849,0.00492882253338075
"1936","2020/10/07","AR",44780675,14740,359,87859,5308,824455,21827,146189,222755,0.0184109551720692,0.000329159844062199,0.00326455552534659,0.00497435556744064
"1935","2020/10/08","AR",44780675,16447,399,89914,5289,840902,22226,149680,227257,0.0187782341378284,0.000367278965759225,0.00334251326046336,0.00507489000556602
"1934","2020/10/09","AR",44780675,15454,484,91367,2422,856356,22710,153885,233435,0.0191233383596831,0.000345104221854628,0.00343641537337255,0.00521285130248707
"1933","2020/10/10","AR",44780675,15099,515,91779,2626,871455,23225,160143,231321,0.0194605150547641,0.000337176695081081,0.00357616315520032,0.00516564343882713
"1932","2020/10/11","AR",44780675,12428,356,93078,2786,883883,23581,160764,231722,0.0197380454850223,0.000277530430258141,0.00359003074428869,0.00517459819442204
"1931","2020/10/12","AR",44780675,10310,287,95720,2850,894193,23868,157597,229394,0.0199682787273751,0.000230233242352868,0.00351930827304412,0.00512261148363664
"1930","2020/10/13","AR",44780675,9524,318,94002,2718,903717,24186,152729,225451,0.0201809597555195,0.000212681028144395,0.00341060066647053,0.00503456010879693
"1929","2020/10/14","AR",44780675,13305,386,92567,2745,917022,24572,152033,225800,0.0204780745265675,0.000297114771048002,0.00339505824778211,0.00504235364920247
"1928","2020/10/15","AR",44780675,14932,349,91052,2695,931954,24921,152278,229483,0.0208115219344059,0.000333447407838314,0.00340052935780892,0.00512459894809536
"1927","2020/10/16","AR",44780675,17096,421,92694,2632,949050,25342,158245,237738,0.0211932937589708,0.000381771824564949,0.00353377880078851,0.00530894185940699
"1926","2020/10/17","AR",44780675,16546,381,94141,2498,965596,25723,167123,242477,0.0215627834998021,0.000369489740831285,0.00373203396331118,0.0054147687590685
"1925","2020/10/18","AR",44780675,13510,384,95223,2526,979106,26107,169391,242510,0.0218644761384236,0.000301692638621459,0.00378268081041655,0.00541550568409252
"1924","2020/10/19","AR",44780675,10561,160,95474,2399,989667,26267,165212,238679,0.0221003144771712,0.000235838338747685,0.00368935930510203,0.00532995538812222
"1923","2020/10/20","AR",44780675,12982,449,98932,2530,1002649,26716,161747,237660,0.0223902163154084,0.000289901838237141,0.00361198217757995,0.00530720003662294
"1922","2020/10/21","AR",44780675,16337,384,101964,2528,1018986,27100,162630,239310,0.0227550388644209,0.000364822549012493,0.00363170050473781,0.00534404628782393
"1921","2020/10/22","AR",44780675,18326,419,105358,2598,1037312,27519,165857,246507,0.0231642778944266,0.000409239030005689,0.00370376283966242,0.00550476293624426
"1920","2020/10/23","AR",44780675,16325,438,104587,2615,1053637,27957,169754,255164,0.023528832470703,0.000364554576276485,0.00379078698568077,0.00569808293421213
"1919","2020/10/24","AR",44780675,15718,381,103759,2615,1069355,28338,175162,259640,0.0238798320927498,0.000350999622046787,0.00391155336537468,0.00579803676474283
"1918","2020/10/25","AR",44780675,11968,275,102217,2506,1081323,28613,177606,256868,0.0241470902347944,0.000267258142044532,0.00396613047927482,0.00573613506272516
"1917","2020/10/26","AR",44780675,9253,283,100909,2629,1090576,28896,173554,249674,0.0243537195453173,0.000206629310522899,0.00387564501874972,0.00557548540748883
"1916","2020/10/27","AR",44780675,11712,405,99639,2585,1102288,29301,170334,245932,0.0246152609356603,0.000261541390343044,0.00380373900125445,0.00549192257597725
"1915","2020/10/28","AR",44780675,14308,429,97610,2630,1116596,29730,167546,245141,0.0249347737612262,0.000319512825565939,0.00374148000225544,0.00547425870646211
"1914","2020/10/29","AR",44780675,13924,341,93208,2552,1130520,30071,164924,246637,0.02524571145924,0.000310937698013708,0.00368292795943786,0.00550766597421767
"1913","2020/10/30","AR",44780675,12691,371,89574,2485,1143211,30442,164105,249018,0.0255291149586289,0.000283403499388966,0.00366463882020537,0.00556083623125377
"1912","2020/10/31","AR",44780675,13955,350,87811,2454,1157166,30792,167499,253449,0.025840744919544,0.00031162996091506,0.00374043044237274,0.00565978516402444
"1911","2020/11/01","AR",44780675,9745,210,85588,2389,1166911,31002,164262,249889,0.0260583611122432,0.000217616192699194,0.0036681447968348,0.00558028658567563
"1910","2020/11/02","AR",44780675,6609,138,82944,2244,1173520,31140,154534,241566,0.0262059470965991,0.000147585984355975,0.00345090823217828,0.00539442516219329
"1909","2020/11/03","AR",44780675,9598,483,80830,2322,1183118,31623,145806,234068,0.0264202806232823,0.000214333526683106,0.0032560027288557,0.00522698686431145
"1908","2020/11/04","AR",44780675,12145,429,78667,2322,1195263,32052,141626,229667,0.0266914913631829,0.000271210739900638,0.00316265889247985,0.0051287078633808
"1907","2020/11/05","AR",44780675,10652,468,75395,2449,1205915,32520,136560,226809,0.026929361828512,0.000237870465329073,0.00304952973576213,0.00506488569008841
"1906","2020/11/06","AR",44780675,11100,246,73804,2324,1217015,32766,135692,227348,0.0271772366093186,0.000247874780806676,0.00303014637452428,0.00507692213214741
"1905","2020/11/07","AR",44780675,11786,370,71635,2344,1228801,33136,138225,226152,0.0274404304982004,0.000263193888881755,0.00308671095288314,0.00505021418279202
"1904","2020/11/08","AR",44780675,8037,212,69927,2346,1236838,33348,134550,217852,0.0276199052381412,0.000179474739940834,0.00300464430248093,0.00486486637372036
"1903","2020/11/09","AR",44780675,5331,212,68649,2420,1242169,33560,125573,204857,0.0277389521261124,0.000119046887971206,0.00280417836488619,0.00457467423168588
"1902","2020/11/10","AR",44780675,8317,347,67368,2284,1250486,33907,119966,196849,0.0279246795632268,0.000185727437114336,0.00267896810398682,0.00439584709252373
"1901","2020/11/11","AR",44780675,11976,276,67199,2131,1262462,34183,119251,193107,0.028192116353762,0.000267436790535203,0.00266300139513306,0.00431228426101214
"1900","2020/11/12","AR",44780675,10880,348,67427,2011,1273342,34531,116176,192019,0.0284350783010752,0.00024296194731321,0.00259433338153121,0.00428798806628082
"1899","2020/11/13","AR",44780675,11162,251,67489,2016,1284504,34782,117593,193928,0.0286843376076846,0.00024925930660938,0.00262597649544139,0.0043306180623673
"1898","2020/11/14","AR",44780675,11859,263,67562,1909,1296363,35045,122843,194075,0.0289491616640437,0.000264824056359133,0.00274321456744455,0.00433390072838339
"1897","2020/11/15","AR",44780675,8468,262,67993,1959,1304831,35307,121713,188235,0.0291382610914195,0.00018909942737576,0.0027179804681372,0.00420348733019321
"1896","2020/11/16","AR",44780675,5645,129,68307,1876,1310476,35436,115213,179956,0.0292643199326495,0.000126058841230062,0.00257282856946663,0.00401860847340957
"1895","2020/11/17","AR",44780675,7895,291,67885,1820,1318371,35727,112456,175160,0.0294406236618809,0.000176303729231415,0.00251126183336897,0.00391150870325202
"1894","2020/11/18","AR",44780675,10621,379,66530,1923,1328992,36106,111977,171826,0.0296778018643087,0.000237178202427721,0.00250056525499002,0.00383705694476468
"1893","2020/11/19","AR",44780675,10332,241,65982,1816,1339324,36347,110523,172413,0.0299085263900109,0.000230724525702214,0.00246809589181047,0.0038501652777677
"1892","2020/11/20","AR",44780675,10110,185,64930,1750,1349434,36532,112596,175914,0.0301342934200969,0.000225767030086081,0.00251438818195572,0.0039283463234978
"1891","2020/11/21","AR",44780675,9592,258,62663,1745,1359026,36790,116857,175908,0.0303484929604121,0.000214199540315102,0.00260954083429962,0.0039282123371298
"1890","2020/11/22","AR",44780675,7143,112,61338,1595,1366169,36902,115683,170906,0.0305080037315204,0.000159510771108296,0.00258332416829358,0.00381651236833746
